-0.72316
-1.69144
-1.78992
-0.14588
-1.06897
-0.87424
-1.65281
-2.64382
-1.85865
-0.69459
-1.64904
-1.79257
-2.73668
-1.22156
-1.71882
-0.51417
-0.80532
-0.33792
-0.76608
-0.10987
-0.88802
-0.82379
-0.41053
-0.44275
-0.78464
-1.17106
-1.96259
-1.76063
-0.68488
-1.84591
-2.69670
-1.15749
-1.41529
-1.68475
0.76936
-1.42691
-1.10142
-1.72528
-1.41481
-1.41210
-1.82851
-1.60287
-1.35640
-2.94925
-1.18416
-1.87770
-1.91518
-1.51153
-2.07484
-2.13246
-1.68735
-2.67054
-2.10691
-1.40421
-1.41252
-2.45272
-0.70822
-1.38451
-1.34441
-2.19603
-1.15123
-2.25477
-2.96355
-1.80367
-1.36580
-1.74614
-1.61692
-2.36938
-1.91958
-1.01391
-1.41517
-1.47896
0.34611
-1.57848
-1.69530
-0.87882
-1.61111
-1.90181
-2.16471
-1.50218
-0.32305
-1.41605
-1.38478
-0.56151
-1.44598
-0.83206
-1.17059
-0.81592
-0.95999
-0.98313
-0.97915
-2.43461
-0.97364
-1.63602
-2.00764
-1.05396
-0.93812
-1.03204
-1.40919
-0.94517
-1.00978
-0.68168
-1.17232
-1.00975
-0.24359
-0.95026
-1.02295
-1.93984
-0.70629
-1.35821
-1.55626
-1.43889
-1.40197
-1.06866
-1.37428
-1.06550
-1.22856
0.54338
-0.51764
-0.32769
0.26398
-0.03245
0.35234
0.39236
0.70174
1.20103
0.12202
-0.05211
-0.46983
1.06139
0.42675
0.45786
0.72305
0.59352
0.81012
0.35038
-0.76153
0.60000
-0.03166
0.61593
-0.40416
-0.00189
0.25672
-0.51852
-0.57529
0.23849
-0.47735
-1.84301
0.65341
-1.44344
1.36080
-0.01028
-0.26961
1.76705
1.53307
0.69814
1.38595
0.99998
0.94991
0.33891
1.43497
1.66067
1.29429
1.83389
2.34521
1.78281
1.63157
1.14135
2.03847
2.52305
2.03848
1.07621
0.94302
0.06611
2.11923
1.41234
-0.30000
1.18456
0.08172
1.57658
1.69459
1.12860
1.63175
2.34611
0.94992
2.17033
1.59649
0.25456
0.71429
1.99542
1.48139
1.94434
1.59343
1.78060
2.36153
2.52305
2.03848
0.67399
1.78430
0.95035
0.50396
2.28076
2.07111
2.89310
2.18365
4.00000
0.34411
1.48347
1.38745
1.16412
2.50305
1.97328
2.06524
0.21219
1.09476
0.46707
1.27931
-0.10000
0.19318
1.09784
1.08761
-0.81512
1.41961
1.37340
1.22830
-1.06998
0.30684
-1.06676
0.64625
-2.95343
-0.44083
0.80255
0.99752
-1.09584
0.46047
0.55550
0.87872
-2.02019
-1.05966
-3.24845
0.32098
-2.90000
-1.19180
2.27441
2.30141
1.53972
1.87152
2.53648
2.65148
0.18631
1.58941
1.70000
1.64368
-0.90000
0.55875
0.26994
1.40600
0.67269
0.21477
2.00000
-0.61693
-0.69853
-0.88644
-0.67209
-1.05599
-0.48456
-1.13374
-1.20275
-0.67443
-0.90135
-1.24622
-1.11436
-0.44204
-0.32887
-0.32588
-0.00001
-0.51733
-0.59271
-0.63584
-0.51646
-0.44204
-0.37888
-0.80759
-0.00001
-0.00000
-0.00000
-0.00000
-0.00000
-0.44204
-0.31249
-0.32588
-0.00001
-0.08785
-0.16194
-0.17682
-0.00000
-0.00000
-0.32887
-0.00000
-0.00000
-0.00000
-0.12568
-0.00000
-0.00000
-0.00000
-0.12475
-0.16287
-0.00000
1.00094
0.81788
0.29703
2.89671
1.65352
2.26695
3.25001
3.01959
2.82524
4.26756
5.06527
4.71053
4.64717
4.33006
4.25084
4.40000
0.13409
-0.37582
0.43541
0.04836
0.61878
5.40000
-0.25256
-0.10545
2.10000
-1.86931
-2.83847
-1.21378
-1.38476
-2.10887
-1.62326
-1.61126
-1.70247
-1.95131
-1.43495
-1.31989
-2.40021
-1.89370
-3.35704
-0.74586
-0.96156
-1.35627
-1.67696
-1.99994
-1.35964
-1.50000
-1.43905
-1.82306
-1.37788
-1.12345
-1.49999
-1.66152
-0.78536
-0.26953
-0.20778
