-0.695025411522144
-1.288484052566624
-1.313798619826884
-0.120270050275513
-0.826087942526814
-0.785200957410960
-1.265566761792789
-2.065194372451553
-1.254136982051150
-0.329432897649402
-1.372022147771550
-1.252924942477099
-2.102237640166455
-0.910924909581179
-1.506973418839378
-0.561502816376698
-0.645603786381664
-0.155578067062253
-0.703873417668428
-0.037837799351590
-0.343729687431057
-0.738469679367853
-0.378266451300244
-0.481090608729677
0.029158387978401
-1.177039911508923
-1.037824674166108
-0.713853253262113
-0.695365530710570
-1.426188022835752
-0.907182055883922
-0.959539481349943
-0.514284884191437
-0.870955641345724
-1.242035714840574
-0.815029798540372
-1.275735495996109
-1.484295410938352
-1.303295649086085
-1.065835956914909
-1.000098576141359
-1.285158649698011
-1.342617457257550
-2.141300999693990
-1.378941845682735
-1.551046276555117
-1.410504287207045
-1.098865857641008
-1.107689967894389
-1.280256668126097
-1.706438444613068
-2.054670213451538
-1.519710885485880
-1.185419372089834
-1.463380602385832
-1.855572386391460
-0.132266855525495
-1.111812204968228
-1.473541539891145
-1.408344424450962
-1.182628694285604
-1.778638881348647
-1.228420601688631
-1.621730148983725
-0.811258926774939
-1.105220704161809
-1.617509707207275
-1.753237135001930
-2.102218905379624
-0.497850569775561
-0.328685445302639
-0.675607901499842
0.831009851495511
-0.586386442183307
-0.655084234747302
-0.465061410594435
-1.122154073535704
-2.026774393251453
-0.952698747466470
-0.647143087995804
0.211742045769829
-0.883267545748936
-1.037147630025736
-0.430789251314072
-0.777988360623986
-1.005942832619808
-0.603454354680733
-0.404929744668103
-0.494144428346207
-0.658904373381964
-0.786431917864293
-0.804900746364153
-1.040625071766335
-1.555798707645496
-0.696666400158903
-0.991605248001535
-0.448230868723759
-0.678749826512732
-1.311258173262503
-0.697576697930381
-0.887643435943211
-0.723777490805775
-0.607513366419055
-0.261868803920968
-0.042786516867962
-0.626613915949226
-0.772075277655719
-1.275156576302959
-0.753001563428900
-1.388220223870438
-1.455176232388436
-1.073408486210115
-0.199154030196329
-0.733312967617757
-1.565705145443197
-1.331412922017935
-1.516832152786421
0.616850989452947
-0.485945422206659
-0.470946938659600
0.661081942651761
-0.162222433444207
0.610225279842218
0.525532407477965
0.855297905128296
1.808440767215456
0.226684980917045
0.853008316340768
0.172507193103201
1.137878201618704
0.410383043517722
0.867417347115697
0.938525180578561
1.249533952644094
0.875379437933383
0.777221849447936
-0.183111415471558
0.697464168445782
0.562672284644837
0.427801447417315
-0.168869610848272
0.014853242785049
1.232086573551686
0.071010126425180
0.423606304385815
0.382815878700529
-0.215294426497011
-0.545717614690902
0.736655036053167
-1.677268727828754
1.378433113011388
0.416194474456888
-0.094229856262595
1.859629344976493
2.249937527515666
1.930358112355562
1.715764782613246
1.781253365240065
1.517673575421765
0.131343064899078
1.982167197301578
1.546555038225361
1.373499018809771
1.857033715374235
1.975352599745865
1.656438764705997
1.998079917945996
1.658719727365147
1.901709151595512
2.448617089116087
2.179540508079500
1.613072413033917
2.194619739720412
0.975625538129112
2.862762217720735
1.948012402975642
1.342610242076272
1.695052973072232
0.898303160812477
1.557420588804094
1.809135288613655
1.367325576266844
1.688468689614336
2.255907326025643
1.718283292804864
2.879710297348481
2.403806548447997
1.046977671901489
0.672279683382111
1.979649881375704
1.089665923298299
2.357602592285378
2.085932811551395
1.558790892022242
2.478058497999367
2.298368055411720
2.054397379522767
0.783813763179478
0.962292833955325
1.056950605271809
-0.049223782276579
2.328903657367436
1.719444285310085
2.575260420696835
1.871919054183236
1.876761287629860
0.564408591878300
1.839022691494652
1.678017115867823
2.050946092808263
3.139394142007018
1.764827394762332
1.232498061727201
0.682004013128102
1.576294766699500
2.103500668446040
1.959304607412398
1.648628413719307
0.081721503704975
1.218405669130284
1.984090306775721
0.199606972090682
2.121073642503176
1.948041799336636
1.887498064674275
0.006555378609812
1.538767355718829
1.423498361268529
1.320094733572825
-0.273805916043973
-0.262406537869055
1.570663384216425
1.553552917596855
-0.077852094969824
1.511340031747387
1.392344451951587
0.913660162519735
-0.425864282366813
0.940447889996822
-0.584373023364268
1.164143996160294
0.007428100170280
-0.526477117052805
2.862934112083877
1.741356600689532
1.965237516052815
2.190140201703618
2.404371204057499
2.860667115019342
0.433385695815597
2.365864022695611
2.615949413456842
2.342455124708236
1.559392571990629
0.001350244723448
0.143519694454139
1.625899220656909
0.674858825821434
0.206455406197077
2.505256372818689
0.930398083078240
1.273912000635990
1.032916989692632
2.829372254611295
1.580949496735414
2.035195682374472
2.930615168255107
3.047975927809239
2.791366918949052
3.484906634465789
3.881753948939869
4.014134376899936
3.923945506315582
3.667893111111993
3.672311327122281
3.837564980086273
0.618484432085575
-0.019469505508854
0.081839285497252
-0.415740177250999
0.235980790634970
2.789254515800958
0.146757315539251
-0.023252904561073
-1.789527656961717
-0.977528705191013
-2.517489084859102
-1.800746827663405
-1.156045431752670
-2.294948291113556
-1.598970113986589
-1.689659868557099
-2.112245977015736
-2.569846889827251
-2.358634804391877
-1.803222563056827
-1.741557081771056
-2.058785748165635
-2.350416361141435
-0.791291205661762
-1.546023939054521
-1.470780521941283
-1.479565072896723
-1.323232903936028
-1.065586850404728
-0.931117555413452
-0.845190437803374
-1.301898063568923
-0.935442907023910
-0.994817070301958
-1.269764478790957
-1.379717345098870
-0.592445230151651
-0.735352808067274
-0.132017655624161
