-0.55933
-1.28797
-1.40455
-0.16064
-0.80008
-0.63911
-1.28956
-2.20811
-1.44730
-0.61656
-1.36354
-1.38074
-2.25579
-1.02440
-1.32938
-0.42563
-0.66017
-0.19750
-0.60906
-0.19678
-0.54738
-0.38879
-0.11633
-0.19066
-0.44373
-0.46730
-1.25887
-1.43426
-0.32725
-1.06181
-1.63357
-0.69517
-0.42664
-0.92929
0.72146
-0.91465
-0.65233
-1.15205
-1.00828
-0.98560
-1.27889
-0.89486
-0.96196
-2.50788
-0.89713
-1.15045
-1.61592
-1.04239
-1.38957
-1.60950
-1.16772
-2.05927
-1.44713
-1.00731
-0.93586
-1.50373
-0.99816
-0.66391
-0.87498
-1.78720
-0.72966
-1.32038
-2.38765
-1.33412
-1.22172
-1.29564
-1.00516
-1.80256
-1.14668
-0.56558
-1.00978
-0.99958
0.08631
-1.07870
-1.19727
-0.94907
-1.19786
-1.23868
-1.38524
-1.00785
-0.12979
-0.96014
-0.92684
-0.73349
-1.00679
-0.42918
-0.55975
-0.38091
-0.73391
-0.47791
-0.57548
-1.38599
-0.44221
-1.06859
-1.48162
-0.62624
-0.53087
-0.78080
-0.75039
-0.73056
-0.63485
-0.22746
-0.89782
-0.79574
-0.45898
-0.75487
-0.78291
-1.74737
-0.55748
-1.01250
-1.36488
-1.13779
-0.78051
-0.76000
-1.00923
-1.28540
-0.95560
0.41459
-0.34204
-0.21515
0.43430
-0.14276
0.13763
0.54304
0.35135
0.89998
-0.16514
-0.17789
-0.15416
0.75133
-0.00267
0.42074
0.34617
0.51504
0.26191
0.17401
-0.97906
0.18588
0.15199
0.18893
-0.37528
0.26537
0.22128
-0.36137
-0.58342
0.19621
-0.57806
-1.66799
0.58791
-1.14418
1.49569
-0.20536
-0.61978
1.48850
1.71945
0.57902
1.32529
0.97288
0.84793
0.71333
1.51535
1.23195
1.08494
1.98455
1.83689
1.78068
1.72923
1.13010
1.99648
2.15952
2.09560
0.88933
0.73764
0.14124
1.88251
1.45771
0.07388
1.22517
-0.01887
1.59216
1.57570
1.14483
1.31491
1.70779
0.91634
1.73841
1.56397
0.24645
0.72741
1.98325
1.25076
1.99893
1.73638
1.60869
2.10919
2.14421
2.08992
1.05091
1.19305
1.41265
1.70014
2.09987
1.93994
2.00000
1.80444
4.00000
0.06184
1.63849
1.56668
1.22889
2.39226
2.01099
1.60678
0.18278
1.00663
0.25301
1.37509
-0.92241
0.22615
1.28696
1.71069
-0.61346
1.39159
1.90795
1.58132
-0.65743
0.86088
-0.71074
1.12453
-3.01162
-0.01832
1.28794
0.98101
-0.64597
0.98210
0.65747
1.12231
-1.69922
-0.34518
-2.77633
0.42435
-2.89463
-0.54504
2.10544
2.11625
1.20754
1.87370
2.29093
2.54677
0.34086
1.39066
0.12975
1.64951
-1.15036
0.51550
-0.12605
1.21228
0.33198
-0.20960
2.00000
-0.46182
-0.51940
-0.65732
-0.43592
-0.93987
-0.37677
-0.83370
-0.86314
-0.60252
-0.56865
-1.01586
-0.77794
-0.32893
-0.50808
-0.63932
-0.10047
-0.38134
-0.40809
-0.50485
-0.35577
-0.32893
-0.28094
-0.50485
-0.51254
-0.00000
-0.00000
-0.00000
-0.00000
-0.32893
-0.15086
-0.37980
-0.10047
-0.16908
-0.28094
-0.13103
-0.10047
-0.00000
-0.28094
-0.00000
-0.00000
-0.06973
-0.00000
-0.00000
-0.00000
-0.00000
-0.00000
-0.50485
-0.00000
0.38381
0.22746
-0.14362
2.10831
1.33587
1.80942
2.49078
2.73718
2.11835
3.15113
3.57809
3.41832
3.25640
3.13829
3.02850
2.84525
0.05027
-0.19386
0.28345
0.30169
0.50359
4.10646
-0.18176
-0.07017
0.10000
-2.10411
-2.53234
-1.73420
-1.97380
-1.97725
-1.67714
-1.73628
-1.75985
-1.98861
-1.42744
-1.58949
-2.08413
-1.87800
-2.33036
-1.20631
-0.97796
-1.52331
-1.20573
-1.53342
-1.23201
-1.36426
-1.09055
-1.20387
-0.91011
-1.27379
-1.25387
-1.45222
-0.91159
-0.98402
-0.62419
