-0.698414182250841
-1.296261778693496
-1.394287018099998
-0.143052057996480
-0.845084933265712
-0.814868088265463
-1.322470971463749
-2.076752726563807
-1.330956849386669
-0.379098036322272
-1.465715842536839
-1.233270974894451
-2.051120744257275
-0.915314757438848
-1.506097193634446
-0.582781722263699
-0.676230531313458
-0.226650453310896
-0.685679591649287
-0.025757673395651
-0.381875042450492
0.417677298298950
0.770594597337884
0.653480496038618
1.178994188111449
-0.027292576137149
0.085051602043847
0.449721169086714
0.434959739260236
-0.317634784944889
0.230408858889333
0.157502204904347
0.601723683549709
0.295424033215700
-0.068936113657480
0.322807340532715
-0.104737705347508
-0.352918678978855
-0.136965636989041
0.037756336990938
0.134547193063458
-0.128900386671954
-0.174146877768556
-0.982681448769659
-0.228310592688758
-0.510651137238437
-0.240242738753652
-0.016127370901633
0.031452329422770
-0.162486870634181
-0.578207718707071
-0.973407306256147
-0.386747408730853
0.017119067601290
-0.229352312353589
-0.654110752680117
1.103841742013178
0.119726913570553
-0.273828408321249
-0.177935996581079
0.003008400537058
-0.672072343809243
0.015451058788745
-0.459104747942211
0.367835375687541
0.081220928952093
-0.398554157005183
-0.555927466743118
-0.920261070497596
0.603180953695468
0.756900375502692
0.431995417697443
1.805209234465553
0.506632115394235
0.448670215639174
0.707227136306729
-0.015609000162732
-0.929436373868421
0.157292023290709
0.398287446844166
1.144371424011368
0.250671253815188
0.074799173945106
0.670925890827610
0.365347299591354
0.179325420274849
0.524482640865956
0.763275408956993
0.689200746404068
0.539495395927571
0.366176654802055
0.376071163492310
0.111071291034957
-0.393245372722353
0.469676752283512
0.169679922096844
0.685835327360895
0.502178030329110
-0.162364979602780
0.464480726930681
0.292112072636737
0.431907342042899
0.528255753951234
0.879874732779351
1.098863092302469
0.523657681185799
0.357260137111946
-0.103852893880886
0.403775276930618
-0.261173359970511
-0.284091670425148
0.058327293733377
0.925104380064307
0.427527105931402
-0.383745481522030
-0.149420741090878
-0.308961732349800
0.632165525576763
-0.505973242257296
-0.459439938188047
0.628595016735278
-0.181125642046677
0.536375951142120
0.457877605637500
0.765102272359893
1.583789737451716
0.187554997476261
0.746669617444461
0.064664039593668
0.975247802244122
0.469946682190585
0.854913546745965
0.894375106990013
1.241034002901854
0.788694547023515
0.726299527614852
-0.272891731643041
0.585572264241829
0.519046152758186
0.363999394063271
-0.202590054427944
-0.129213183795842
1.144064622712175
0.116287438198643
0.387099392715259
0.432052806039097
-0.105537806323259
-0.518551457966765
0.688387903849705
-1.610219234890068
1.247547227303917
0.350284807053695
-0.207215639030800
1.720968773473573
1.935434713888209
1.665301661521942
1.458677003602237
1.572420458238045
1.322089945984218
0.045603365739503
1.668003579364822
1.214003655056037
1.228195635817783
1.527957259997970
1.711754928370216
1.497189811680511
1.552407808091844
1.477566239363894
1.667066585573844
1.835686931860610
1.768578203099547
1.434049385382818
1.932112414300263
0.779470136891140
2.301290132711415
1.589441652004696
1.078222356961038
1.490720698823948
0.766765134136268
1.372368289266859
1.574559954974738
1.193825250742921
1.448305681952530
1.861662300615692
1.545020743153904
2.500523654513048
2.053023141179241
0.953448932201602
0.459315593622076
1.711085528953181
0.864303428426789
1.841283836774720
1.645305454934244
1.271269132966737
1.952862552438940
1.598187895841129
1.579370439058777
0.554505787338529
0.722752503564091
0.916020762924764
-0.236661038602573
1.704651683208821
1.508200874333212
2.326471055550689
1.620224658990224
1.714336001050851
0.670760467246214
1.605822195983316
1.059072650469464
1.869117776268526
2.416681913338512
1.283865554010014
0.896694640497305
0.511974469729768
1.256916079377069
2.049291800203541
1.646042134358078
2.209492769294948
0.048042479201820
0.997850158510106
1.233755219112338
-0.011968893796450
1.587117882209029
1.517492225950099
1.508574366922985
-0.155954885315947
1.230278089181165
1.441332489339306
0.971197064353346
0.218816923325238
-0.363128631007452
1.423994681768293
1.155501961944309
-0.088639117163746
1.090483790576006
1.214991945957443
0.723694147802746
-0.514050494098803
0.718818450371793
-0.334335757818869
1.231497185105875
0.836711980431784
-0.509484727616644
2.642550914524077
1.147200481197620
1.824143371794349
1.640829816554646
1.854634317237456
2.401246480208374
0.304544230170585
2.044451903846670
2.659911890547392
1.966719679408000
2.318941893838129
-0.075578406798733
0.211937311210781
1.437259851624403
0.687827018377267
0.484417005489587
2.425587170708202
-0.108741442438321
-0.301818870225514
-0.443893335323157
-0.076774595036158
-0.415817939199307
0.000000009999547
-0.464655506101133
-0.350774420471727
-0.108741428230050
-0.093875103027893
-0.518652114984890
-0.146985361866665
-0.108741437715820
-0.403095593802904
-0.608567529565662
-0.000000015056011
-0.108741470701321
-0.134964604565163
-0.254949753136561
-0.076731580900821
-0.108741437766880
0.000000003680496
-0.506589603843116
-0.029290735863162
-0.035663339978109
0.000000009999831
0.000000009999886
-0.000000017862648
-0.108741447715624
0.000000000000171
0.000000009996340
0.000000009999911
-0.088051427065410
0.000000009999845
0.000000009999944
0.000000009999927
0.000000009999790
0.000000009997757
0.000000009999550
0.000000009998348
-0.108741442781951
0.000000009999032
0.000000009999842
0.000000009999770
0.000000009999804
0.000000009999264
0.000000009999652
0.000000009999831
0.838881492198049
1.180382685305986
0.907843337724611
2.817195593165491
1.572771966652643
2.011757469141509
2.884325937844899
2.984959924262763
2.726616599902834
3.646953322706263
2.824501100631570
2.971662983168220
2.873075337654382
2.595923187496668
2.596962425802682
2.725915216829716
0.565368298459994
0.056935831398836
0.273500216328062
-1.344617391481189
0.045361799569549
3.159145057284336
0.153161692428233
-0.023543822834827
-1.489618838768523
-0.337163138050937
-2.284627891139381
-1.609565905244789
-0.853109531795252
-2.091285096345193
-1.463338772047061
-1.467476149353938
-1.905727360614426
-2.324797717751649
-2.197670654482605
-1.573675379421895
-1.535109052549646
-1.837000585549455
-2.197741436274320
-0.553530612504293
-1.401338388622945
-1.246979132858463
-1.255215965008642
-1.141793980182662
-0.829654453989873
-0.786633229443983
-0.744713078396153
-1.181895627002044
-0.745861912602684
-0.719990832111982
-1.078223558136173
-1.198859401373324
-0.298796298516931
-0.408888688138068
0.010181023142005
