-0.75900
-1.68045
-1.68458
0.06875
-1.01510
-0.93600
-1.61385
-2.70636
-1.76649
-0.67144
-1.74414
-1.83047
-2.63482
-1.12006
-1.79188
-0.63523
-0.73112
-0.01309
-0.79980
-0.03842
-0.35435
-0.48814
-0.15044
-0.05212
-0.42651
-0.82741
-1.71755
-1.43686
-0.50658
-1.19788
-1.90205
-0.89552
-0.58487
-0.96510
1.12234
-0.82040
-0.74219
-1.42767
-1.07160
-0.96381
-1.41289
-0.92384
-1.03840
-2.38550
-0.58046
-1.49328
-1.84024
-1.17514
-1.69889
-1.77218
-1.20287
-2.35567
-1.96171
-1.12672
-0.81882
-1.35752
0.66504
-0.72799
-0.67700
-1.70170
-0.72574
-1.46051
-1.67747
-1.53819
-0.83614
-1.66858
-1.09559
-1.87019
-1.42337
-1.00491
-1.27291
-1.26729
0.54170
-1.48963
-1.55065
-0.63728
-1.44652
-1.55025
-1.77978
-1.36665
0.24548
-1.12693
-1.23050
-0.52300
-1.28368
-0.31825
-0.32306
-0.13096
-0.70477
-0.32249
-0.41335
-1.91658
-0.58274
-1.19592
-1.55609
-0.69418
-0.75271
-0.62675
-0.69569
-0.71044
-0.46808
-0.40173
-0.87135
-0.82057
-0.03951
-0.66769
-0.77801
-1.78113
-0.48872
-1.03202
-1.03253
-1.11404
-0.61787
-0.53341
-1.01078
-1.19433
-0.88503
0.55365
-0.67992
-0.46427
0.71560
0.23888
0.43827
0.48793
0.59386
1.51924
0.21031
0.10613
-0.34230
1.13937
0.55007
0.84171
0.60118
1.00073
0.80107
0.62930
-0.64574
1.08001
0.39416
0.58328
-0.09185
0.34793
0.40825
-0.61618
-0.55319
0.19018
-0.63311
-1.57872
0.78141
-1.15432
1.80558
0.13097
-0.29939
1.68637
1.97160
0.76581
1.71678
1.01577
1.20879
0.23650
2.03670
1.94292
1.24048
2.07656
2.74929
2.07801
1.67945
1.18797
2.34817
2.44716
2.35287
1.40930
0.67113
0.29106
1.85270
1.47225
-0.65087
0.97720
0.25468
1.77015
1.93069
1.06701
1.73155
2.34957
1.63184
1.79537
2.07300
0.04435
0.43342
2.16045
1.79678
2.29234
1.67619
2.05723
2.58966
2.33545
2.28032
0.56587
1.77300
0.95472
0.61563
2.52342
2.13853
2.69323
1.78842
4.00000
0.63690
2.09760
2.11352
1.93247
3.07208
2.51183
2.64420
0.60881
1.50830
0.40774
1.54189
0.21211
0.60899
1.54783
1.78032
-0.40429
1.61040
2.02024
1.72380
-0.50475
0.57242
-0.62483
1.19849
-3.21098
0.04440
1.14458
1.08172
-0.67399
0.92517
1.00190
1.51723
-1.85557
-0.48758
-3.06160
0.79947
-3.21543
-0.78805
2.81624
2.98551
2.26456
2.62989
3.12585
3.49612
0.62848
2.10758
0.43887
2.36901
0.86759
1.15812
0.18606
1.62410
0.83933
0.22308
2.00000
-0.98251
-1.00445
-1.07798
-0.87560
-1.21201
-0.50385
-1.23119
-1.06702
-0.57052
-0.50385
-1.25228
-0.97849
-0.57053
-0.89067
-2.16201
-0.63818
-0.87410
-0.80609
-1.05511
-0.69173
-0.57052
-0.50386
-0.66385
-0.30241
-0.10419
-0.00000
-0.00000
-0.00000
-0.57052
-0.50385
-0.66385
-0.21990
-0.34890
-0.00000
-0.36732
-0.28846
-0.00000
-0.26127
-0.02618
-0.30241
-0.00000
-0.29922
-0.12981
-0.01024
-0.00000
-0.00000
-0.66385
-0.00000
1.62468
1.51818
1.10377
2.89186
1.74623
2.31931
3.13865
3.53835
2.63487
4.63312
4.86956
4.86032
4.36987
4.43011
4.39364
4.41366
0.37174
-0.41365
0.46387
0.09176
0.75888
7.40000
-0.71935
-0.05609
1.38706
-1.39507
-3.33903
-1.56810
-1.34677
-1.91810
-1.81197
-1.56618
-1.68886
-2.16590
-1.54120
-1.32424
-2.14740
-1.84733
-3.17720
-1.05247
-1.47080
-1.56852
-2.35089
-1.90725
-1.06602
-1.46037
-1.17596
-1.63027
-1.17142
-1.25823
-1.65311
-2.08999
-0.39870
-0.82756
-0.80897
